Distance (mm)	Counts
0.0	177.0
0.2	179.0
0.4	191.0
0.6	190.0
0.8	209.0
1.0	219.0
1.2	210.0
1.4	228.0
1.6	250.0
1.8	229.0
2.0	220.0
2.2	231.0
2.4	249.0
2.6	258.0
2.8	283.0
3.0	264.0
3.2	289.0
3.4	295.0
3.6	262.0
3.8	319.0
4.0	296.0
4.2	302.0
4.4	320.0
4.6	345.0
4.8	361.0
5.0	347.0
5.2	371.0
5.4	383.0
5.6	371.0
5.8	408.0
6.0	470.0
6.2	513.0
6.4	602.0
6.6	694.0
6.8	784.0
7.0	886.0
7.2	1079.0
7.4	1110.0
7.6	1115.0
7.8	1265.0
8.0	1192.0
8.2	1126.0
8.4	1089.0
8.6	1020.0
8.8	916.0
9.0	840.0
9.2	769.0
9.4	671.0
9.6	627.0
9.8	572.0
10.0	559.0
10.2	512.0
10.4	539.0
10.6	510.0
10.8	554.0
11.0	591.0
11.2	655.0
11.4	721.0
11.6	820.0
11.8	918.0
12.0	999.0
12.2	1033.0
12.4	1247.0
12.6	1239.0
12.8	1230.0
13.0	1200.0
13.2	1172.0
13.4	1112.0
13.6	969.0
13.8	967.0
14.0	751.0
14.2	731.0
14.4	618.0
14.6	561.0
14.8	487.0
15.0	439.0
15.2	435.0
15.4	418.0
15.6	407.0
15.8	380.0
16.0	397.0
16.2	370.0
16.4	355.0
16.6	349.0
16.8	346.0
17.0	292.0
17.2	311.0
17.4	289.0
17.6	265.0
17.8	271.0
18.0	287.0
18.2	263.0
18.4	279.0
18.6	297.0
18.8	254.0
19.0	242.0
19.2	225.0
19.4	263.0
19.6	223.0
19.8	233.0
20.0	186.0
