Distance (mm)	Counts
0.0	178.0
0.2	171.0
0.4	183.0
0.6	196.0
0.8	186.0
1.0	206.0
1.2	222.0
1.4	249.0
1.6	218.0
1.8	205.0
2.0	241.0
2.2	244.0
2.4	247.0
2.6	269.0
2.8	276.0
3.0	289.0
3.2	281.0
3.4	272.0
3.6	311.0
3.8	288.0
4.0	323.0
4.2	316.0
4.4	320.0
4.6	326.0
4.8	349.0
5.0	335.0
5.2	381.0
5.4	381.0
5.6	355.0
5.8	416.0
6.0	448.0
6.2	503.0
6.4	544.0
6.6	598.0
6.8	738.0
7.0	833.0
7.2	987.0
7.4	1046.0
7.6	1107.0
7.8	1229.0
8.0	1133.0
8.2	1168.0
8.4	1116.0
8.6	1095.0
8.8	989.0
9.0	931.0
9.2	854.0
9.4	744.0
9.6	660.0
9.8	646.0
10.0	599.0
10.2	559.0
10.4	530.0
10.6	601.0
10.8	574.0
11.0	602.0
11.2	705.0
11.4	782.0
11.6	883.0
11.8	964.0
12.0	1072.0
12.2	1139.0
12.4	1215.0
12.6	1247.0
12.8	1232.0
13.0	1227.0
13.2	1135.0
13.4	1093.0
13.6	996.0
13.8	903.0
14.0	749.0
14.2	685.0
14.4	625.0
14.6	547.0
14.8	495.0
15.0	460.0
15.2	425.0
15.4	406.0
15.6	398.0
15.8	377.0
16.0	384.0
16.2	384.0
16.4	407.0
16.6	329.0
16.8	335.0
17.0	347.0
17.2	327.0
17.4	295.0
17.6	320.0
17.8	287.0
18.0	290.0
18.2	284.0
18.4	291.0
18.6	250.0
18.8	226.0
19.0	259.0
19.2	231.0
19.4	222.0
19.6	242.0
19.8	236.0
20.0	229.0
