Distance (mm)	Counts
0.0	177.0
0.2	180.0
0.4	198.0
0.6	182.0
0.8	168.0
1.0	204.0
1.2	191.0
1.4	234.0
1.6	214.0
1.8	215.0
2.0	191.0
2.2	223.0
2.4	221.0
2.6	239.0
2.8	250.0
3.0	258.0
3.2	247.0
3.4	286.0
3.6	266.0
3.8	272.0
4.0	281.0
4.2	272.0
4.4	301.0
4.6	288.0
4.8	309.0
5.0	317.0
5.2	332.0
5.4	320.0
5.6	331.0
5.8	381.0
6.0	379.0
6.2	424.0
6.4	449.0
6.6	501.0
6.8	521.0
7.0	644.0
7.2	771.0
7.4	827.0
7.6	927.0
7.8	1101.0
8.0	1086.0
8.2	1162.0
8.4	1188.0
8.6	1204.0
8.8	1162.0
9.0	1094.0
9.2	1076.0
9.4	959.0
9.6	887.0
9.8	811.0
10.0	747.0
10.2	658.0
10.4	620.0
10.6	550.0
10.8	529.0
11.0	519.0
11.2	522.0
11.4	491.0
11.6	522.0
11.8	549.0
12.0	525.0
12.2	517.0
12.4	615.0
12.6	630.0
12.8	736.0
13.0	825.0
13.2	897.0
13.4	978.0
13.6	1045.0
13.8	1063.0
14.0	1182.0
14.2	1229.0
14.4	1185.0
14.6	1170.0
14.8	1051.0
15.0	1069.0
15.2	979.0
15.4	857.0
15.6	774.0
15.8	686.0
16.0	611.0
16.2	541.0
16.4	448.0
16.6	399.0
16.8	433.0
17.0	389.0
17.2	358.0
17.4	361.0
17.6	347.0
17.8	350.0
18.0	369.0
18.2	346.0
18.4	328.0
18.6	320.0
18.8	304.0
19.0	300.0
19.2	289.0
19.4	301.0
19.6	259.0
19.8	301.0
20.0	257.0
