Distance (mm)	Counts
0.0	166.0
0.2	169.0
0.4	171.0
0.6	187.0
0.8	182.0
1.0	190.0
1.2	196.0
1.4	207.0
1.6	197.0
1.8	215.0
2.0	214.0
2.2	238.0
2.4	200.0
2.6	202.0
2.8	226.0
3.0	267.0
3.2	234.0
3.4	274.0
3.6	268.0
3.8	303.0
4.0	316.0
4.2	294.0
4.4	325.0
4.6	297.0
4.8	302.0
5.0	356.0
5.2	342.0
5.4	367.0
5.6	401.0
5.8	388.0
6.0	412.0
6.2	412.0
6.4	406.0
6.6	422.0
6.8	479.0
7.0	489.0
7.2	490.0
7.4	503.0
7.6	510.0
7.8	534.0
8.0	572.0
8.2	546.0
8.4	552.0
8.6	624.0
8.8	686.0
9.0	754.0
9.2	875.0
9.4	1024.0
9.6	1092.0
9.8	1205.0
10.0	1346.0
10.2	1446.0
10.4	1532.0
10.6	1641.0
10.8	1695.0
11.0	1673.0
11.2	1703.0
11.4	1682.0
11.6	1699.0
11.8	1737.0
12.0	1724.0
12.2	1799.0
12.4	1798.0
12.6	1799.0
12.8	1725.0
13.0	1681.0
13.2	1672.0
13.4	1579.0
13.6	1612.0
13.8	1428.0
14.0	1286.0
14.2	1199.0
14.4	1094.0
14.6	1026.0
14.8	901.0
15.0	775.0
15.2	702.0
15.4	656.0
15.6	613.0
15.8	590.0
16.0	587.0
16.2	599.0
16.4	554.0
16.6	535.0
16.8	530.0
17.0	520.0
17.2	492.0
17.4	477.0
17.6	452.0
17.8	441.0
18.0	450.0
18.2	454.0
18.4	432.0
18.6	403.0
18.8	388.0
19.0	357.0
19.2	351.0
19.4	337.0
19.6	357.0
19.8	344.0
20.0	333.0
