Distance (mm)	Counts
0.0	123.0
0.2	155.0
0.4	152.0
0.6	148.0
0.8	158.0
1.0	162.0
1.2	171.0
1.4	164.0
1.6	180.0
1.8	176.0
2.0	187.0
2.2	195.0
2.4	179.0
2.6	207.0
2.8	197.0
3.0	204.0
3.2	221.0
3.4	231.0
3.6	214.0
3.8	227.0
4.0	273.0
4.2	252.0
4.4	224.0
4.6	260.0
4.8	244.0
5.0	269.0
5.2	273.0
5.4	270.0
5.6	309.0
5.8	302.0
6.0	319.0
6.2	317.0
6.4	358.0
6.6	404.0
6.8	494.0
7.0	560.0
7.2	688.0
7.4	771.0
7.6	830.0
7.8	902.0
8.0	917.0
8.2	913.0
8.4	885.0
8.6	773.0
8.8	692.0
9.0	639.0
9.2	578.0
9.4	507.0
9.6	431.0
9.8	374.0
10.0	409.0
10.2	409.0
10.4	399.0
10.6	377.0
10.8	382.0
11.0	376.0
11.2	355.0
11.4	417.0
11.6	352.0
11.8	423.0
12.0	413.0
12.2	413.0
12.4	519.0
12.6	546.0
12.8	714.0
13.0	741.0
13.2	833.0
13.4	909.0
13.6	924.0
13.8	972.0
14.0	925.0
14.2	809.0
14.4	757.0
14.6	592.0
14.8	544.0
15.0	496.0
15.2	391.0
15.4	394.0
15.6	310.0
15.8	302.0
16.0	318.0
16.2	307.0
16.4	278.0
16.6	295.0
16.8	266.0
17.0	290.0
17.2	296.0
17.4	258.0
17.6	240.0
17.8	286.0
18.0	268.0
18.2	258.0
18.4	205.0
18.6	242.0
18.8	223.0
19.0	246.0
19.2	229.0
19.4	231.0
19.6	203.0
19.8	196.0
20.0	194.0
