Distance (mm)	Counts
0.0	166.0
0.2	142.0
0.4	141.0
0.6	164.0
0.8	163.0
1.0	145.0
1.2	165.0
1.4	173.0
1.6	158.0
1.8	169.0
2.0	174.0
2.2	205.0
2.4	168.0
2.6	175.0
2.8	192.0
3.0	182.0
3.2	162.0
3.4	227.0
3.6	267.0
3.8	216.0
4.0	245.0
4.2	249.0
4.4	242.0
4.6	272.0
4.8	285.0
5.0	291.0
5.2	275.0
5.4	282.0
5.6	297.0
5.8	304.0
6.0	286.0
6.2	316.0
6.4	374.0
6.6	338.0
6.8	309.0
7.0	333.0
7.2	361.0
7.4	398.0
7.6	395.0
7.8	424.0
8.0	419.0
8.2	423.0
8.4	435.0
8.6	414.0
8.8	449.0
9.0	519.0
9.2	584.0
9.4	694.0
9.6	780.0
9.8	950.0
10.0	1002.0
10.2	1162.0
10.4	1194.0
10.6	1174.0
10.8	1185.0
11.0	1183.0
11.2	1232.0
11.4	1225.0
11.6	1216.0
11.8	1261.0
12.0	1197.0
12.2	1221.0
12.4	1214.0
12.6	1152.0
12.8	1152.0
13.0	1116.0
13.2	994.0
13.4	915.0
13.6	776.0
13.8	672.0
14.0	576.0
14.2	560.0
14.4	517.0
14.6	505.0
14.8	479.0
15.0	438.0
15.2	416.0
15.4	413.0
15.6	432.0
15.8	404.0
16.0	405.0
16.2	384.0
16.4	397.0
16.6	362.0
16.8	389.0
17.0	384.0
17.2	315.0
17.4	325.0
17.6	341.0
17.8	309.0
18.0	293.0
18.2	271.0
18.4	294.0
18.6	305.0
18.8	255.0
19.0	249.0
19.2	248.0
19.4	256.0
19.6	244.0
19.8	237.0
20.0	227.0
