Distance (mm)	Counts
0.0	136.0
0.2	158.0
0.4	155.0
0.6	156.0
0.8	163.0
1.0	148.0
1.2	169.0
1.4	151.0
1.6	162.0
1.8	189.0
2.0	170.0
2.2	181.0
2.4	194.0
2.6	203.0
2.8	192.0
3.0	203.0
3.2	195.0
3.4	197.0
3.6	243.0
3.8	225.0
4.0	231.0
4.2	229.0
4.4	199.0
4.6	230.0
4.8	256.0
5.0	258.0
5.2	274.0
5.4	260.0
5.6	301.0
5.8	280.0
6.0	306.0
6.2	326.0
6.4	371.0
6.6	409.0
6.8	473.0
7.0	579.0
7.2	637.0
7.4	714.0
7.6	815.0
7.8	836.0
8.0	928.0
8.2	927.0
8.4	771.0
8.6	743.0
8.8	718.0
9.0	618.0
9.2	516.0
9.4	442.0
9.6	418.0
9.8	394.0
10.0	394.0
10.2	378.0
10.4	372.0
10.6	356.0
10.8	361.0
11.0	403.0
11.2	354.0
11.4	384.0
11.6	340.0
11.8	386.0
12.0	416.0
12.2	466.0
12.4	452.0
12.6	532.0
12.8	646.0
13.0	730.0
13.2	798.0
13.4	841.0
13.6	920.0
13.8	903.0
14.0	874.0
14.2	815.0
14.4	755.0
14.6	666.0
14.8	561.0
15.0	459.0
15.2	389.0
15.4	352.0
15.6	339.0
15.8	311.0
16.0	305.0
16.2	297.0
16.4	271.0
16.6	298.0
16.8	276.0
17.0	273.0
17.2	265.0
17.4	280.0
17.6	280.0
17.8	262.0
18.0	222.0
18.2	217.0
18.4	237.0
18.6	235.0
18.8	254.0
19.0	231.0
19.2	218.0
19.4	225.0
19.6	222.0
19.8	208.0
20.0	188.0
