Distance (mm)	Counts
0.0	135.0
0.2	166.0
0.4	157.0
0.6	143.0
0.8	147.0
1.0	136.0
1.2	160.0
1.4	169.0
1.6	158.0
1.8	159.0
2.0	179.0
2.2	190.0
2.4	195.0
2.6	174.0
2.8	200.0
3.0	216.0
3.2	208.0
3.4	191.0
3.6	220.0
3.8	207.0
4.0	227.0
4.2	232.0
4.4	238.0
4.6	240.0
4.8	273.0
5.0	297.0
5.2	271.0
5.4	310.0
5.6	314.0
5.8	304.0
6.0	314.0
6.2	313.0
6.4	350.0
6.6	327.0
6.8	384.0
7.0	346.0
7.2	371.0
7.4	358.0
7.6	404.0
7.8	366.0
8.0	400.0
8.2	418.0
8.4	419.0
8.6	412.0
8.8	467.0
9.0	458.0
9.2	524.0
9.4	540.0
9.6	688.0
9.8	761.0
10.0	873.0
10.2	931.0
10.4	1094.0
10.6	1145.0
10.8	1288.0
11.0	1305.0
11.2	1367.0
11.4	1308.0
11.6	1294.0
11.8	1332.0
12.0	1295.0
12.2	1364.0
12.4	1224.0
12.6	1195.0
12.8	1144.0
13.0	1091.0
13.2	930.0
13.4	854.0
13.6	716.0
13.8	612.0
14.0	581.0
14.2	526.0
14.4	481.0
14.6	482.0
14.8	415.0
15.0	413.0
15.2	455.0
15.4	427.0
15.6	438.0
15.8	453.0
16.0	440.0
16.2	417.0
16.4	403.0
16.6	375.0
16.8	392.0
17.0	363.0
17.2	354.0
17.4	340.0
17.6	334.0
17.8	352.0
18.0	315.0
18.2	334.0
18.4	329.0
18.6	315.0
18.8	305.0
19.0	271.0
19.2	263.0
19.4	257.0
19.6	253.0
19.8	243.0
20.0	216.0
