Distance (mm)	Counts
0.0	159.0
0.2	140.0
0.4	122.0
0.6	137.0
0.8	155.0
1.0	140.0
1.2	155.0
1.4	148.0
1.6	159.0
1.8	177.0
2.0	185.0
2.2	153.0
2.4	196.0
2.6	207.0
2.8	196.0
3.0	206.0
3.2	178.0
3.4	228.0
3.6	238.0
3.8	182.0
4.0	214.0
4.2	240.0
4.4	239.0
4.6	228.0
4.8	233.0
5.0	268.0
5.2	272.0
5.4	255.0
5.6	280.0
5.8	288.0
6.0	288.0
6.2	295.0
6.4	321.0
6.6	315.0
6.8	336.0
7.0	333.0
7.2	329.0
7.4	324.0
7.6	380.0
7.8	407.0
8.0	383.0
8.2	379.0
8.4	405.0
8.6	419.0
8.8	420.0
9.0	440.0
9.2	512.0
9.4	619.0
9.6	658.0
9.8	812.0
10.0	849.0
10.2	950.0
10.4	1055.0
10.6	1118.0
10.8	1066.0
11.0	1112.0
11.2	1095.0
11.4	1030.0
11.6	870.0
11.8	848.0
12.0	827.0
12.2	807.0
12.4	843.0
12.6	909.0
12.8	1023.0
13.0	1125.0
13.2	1127.0
13.4	1167.0
13.6	1147.0
13.8	1127.0
14.0	1050.0
14.2	905.0
14.4	827.0
14.6	715.0
14.8	665.0
15.0	556.0
15.2	476.0
15.4	512.0
15.6	444.0
15.8	419.0
16.0	433.0
16.2	422.0
16.4	397.0
16.6	398.0
16.8	383.0
17.0	415.0
17.2	359.0
17.4	355.0
17.6	407.0
17.8	367.0
18.0	333.0
18.2	332.0
18.4	313.0
18.6	313.0
18.8	301.0
19.0	291.0
19.2	316.0
19.4	314.0
19.6	250.0
19.8	270.0
20.0	274.0
