Distance (mm)	Counts
0.0	167.0
0.2	154.0
0.4	152.0
0.6	144.0
0.8	149.0
1.0	158.0
1.2	168.0
1.4	188.0
1.6	178.0
1.8	171.0
2.0	207.0
2.2	178.0
2.4	196.0
2.6	202.0
2.8	197.0
3.0	195.0
3.2	205.0
3.4	219.0
3.6	235.0
3.8	241.0
4.0	247.0
4.2	247.0
4.4	249.0
4.6	224.0
4.8	260.0
5.0	263.0
5.2	258.0
5.4	281.0
5.6	291.0
5.8	289.0
6.0	293.0
6.2	323.0
6.4	354.0
6.6	340.0
6.8	412.0
7.0	490.0
7.2	581.0
7.4	686.0
7.6	776.0
7.8	836.0
8.0	890.0
8.2	961.0
8.4	902.0
8.6	817.0
8.8	814.0
9.0	706.0
9.2	584.0
9.4	480.0
9.6	510.0
9.8	436.0
10.0	394.0
10.2	407.0
10.4	412.0
10.6	400.0
10.8	412.0
11.0	367.0
11.2	411.0
11.4	393.0
11.6	404.0
11.8	419.0
12.0	390.0
12.2	406.0
12.4	450.0
12.6	521.0
12.8	579.0
13.0	666.0
13.2	766.0
13.4	836.0
13.6	946.0
13.8	936.0
14.0	963.0
14.2	884.0
14.4	864.0
14.6	734.0
14.8	668.0
15.0	566.0
15.2	489.0
15.4	429.0
15.6	361.0
15.8	345.0
16.0	347.0
16.2	325.0
16.4	310.0
16.6	328.0
16.8	293.0
17.0	279.0
17.2	295.0
17.4	296.0
17.6	261.0
17.8	228.0
18.0	285.0
18.2	239.0
18.4	242.0
18.6	270.0
18.8	235.0
19.0	230.0
19.2	221.0
19.4	234.0
19.6	227.0
19.8	206.0
20.0	218.0
