Distance (mm)	Counts
0.0	144.0
0.2	161.0
0.4	147.0
0.6	147.0
0.8	169.0
1.0	152.0
1.2	173.0
1.4	188.0
1.6	175.0
1.8	209.0
2.0	219.0
2.2	204.0
2.4	201.0
2.6	204.0
2.8	233.0
3.0	211.0
3.2	221.0
3.4	242.0
3.6	234.0
3.8	252.0
4.0	266.0
4.2	248.0
4.4	239.0
4.6	269.0
4.8	271.0
5.0	267.0
5.2	267.0
5.4	268.0
5.6	287.0
5.8	333.0
6.0	329.0
6.2	382.0
6.4	358.0
6.6	363.0
6.8	415.0
7.0	494.0
7.2	597.0
7.4	652.0
7.6	748.0
7.8	803.0
8.0	899.0
8.2	1021.0
8.4	1031.0
8.6	1058.0
8.8	977.0
9.0	876.0
9.2	792.0
9.4	682.0
9.6	637.0
9.8	550.0
10.0	521.0
10.2	463.0
10.4	453.0
10.6	453.0
10.8	473.0
11.0	442.0
11.2	451.0
11.4	412.0
11.6	464.0
11.8	492.0
12.0	514.0
12.2	618.0
12.4	674.0
12.6	835.0
12.8	866.0
13.0	928.0
13.2	1048.0
13.4	1074.0
13.6	1013.0
13.8	1043.0
14.0	863.0
14.2	885.0
14.4	737.0
14.6	613.0
14.8	553.0
15.0	479.0
15.2	400.0
15.4	421.0
15.6	372.0
15.8	330.0
16.0	316.0
16.2	327.0
16.4	327.0
16.6	302.0
16.8	330.0
17.0	319.0
17.2	289.0
17.4	290.0
17.6	245.0
17.8	315.0
18.0	258.0
18.2	265.0
18.4	235.0
18.6	276.0
18.8	255.0
19.0	221.0
19.2	241.0
19.4	231.0
19.6	239.0
19.8	197.0
20.0	190.0
