Distance (mm)	Counts
0.0	93.0
0.2	97.0
0.4	102.0
0.6	108.0
0.8	97.0
1.0	101.0
1.2	99.0
1.4	105.0
1.6	91.0
1.8	97.0
2.0	99.0
2.2	102.0
2.4	104.0
2.6	90.0
2.8	90.0
3.0	86.0
3.2	94.0
3.4	107.0
3.6	90.0
3.8	92.0
4.0	101.0
4.2	94.0
4.4	109.0
4.6	111.0
4.8	102.0
5.0	82.0
5.2	99.0
5.4	141.0
5.6	99.0
5.8	132.0
6.0	128.0
6.2	121.0
6.4	103.0
6.6	106.0
6.8	109.0
7.0	118.0
7.2	95.0
7.4	108.0
7.6	107.0
7.8	111.0
8.0	120.0
8.2	130.0
8.4	129.0
8.6	112.0
8.8	126.0
9.0	137.0
9.2	132.0
9.4	117.0
9.6	131.0
9.8	135.0
10.0	146.0
10.2	141.0
10.4	146.0
10.6	127.0
10.8	109.0
11.0	140.0
11.2	125.0
11.4	141.0
11.6	137.0
11.8	131.0
12.0	116.0
12.2	122.0
12.4	114.0
12.6	127.0
12.8	123.0
13.0	118.0
13.2	137.0
13.4	128.0
13.6	131.0
13.8	134.0
14.0	109.0
14.2	137.0
14.4	124.0
14.6	105.0
14.8	141.0
15.0	127.0
15.2	129.0
15.4	120.0
15.6	127.0
15.8	117.0
16.0	114.0
16.2	124.0
16.4	125.0
16.6	115.0
16.8	120.0
17.0	129.0
17.2	105.0
17.4	113.0
17.6	95.0
17.8	126.0
18.0	125.0
18.2	119.0
18.4	108.0
18.6	126.0
18.8	96.0
19.0	108.0
19.2	98.0
19.4	114.0
19.6	89.0
19.8	110.0
20.0	137.0
