Distance (mm)	Counts
0.0	88.0
0.2	89.0
0.4	114.0
0.6	75.0
0.8	93.0
1.0	87.0
1.2	91.0
1.4	94.0
1.6	92.0
1.8	100.0
2.0	95.0
2.2	90.0
2.4	97.0
2.6	102.0
2.8	105.0
3.0	108.0
3.2	106.0
3.4	100.0
3.6	89.0
3.8	109.0
4.0	87.0
4.2	113.0
4.4	91.0
4.6	115.0
4.8	108.0
5.0	108.0
5.2	96.0
5.4	108.0
5.6	108.0
5.8	105.0
6.0	129.0
6.2	110.0
6.4	112.0
6.6	116.0
6.8	107.0
7.0	123.0
7.2	119.0
7.4	131.0
7.6	118.0
7.8	114.0
8.0	136.0
8.2	123.0
8.4	127.0
8.6	114.0
8.8	142.0
9.0	102.0
9.2	132.0
9.4	134.0
9.6	123.0
9.8	126.0
10.0	115.0
10.2	138.0
10.4	130.0
10.6	130.0
10.8	133.0
11.0	133.0
11.2	151.0
11.4	132.0
11.6	112.0
11.8	152.0
12.0	140.0
12.2	129.0
12.4	134.0
12.6	122.0
12.8	112.0
13.0	128.0
13.2	136.0
13.4	142.0
13.6	147.0
13.8	141.0
14.0	123.0
14.2	123.0
14.4	129.0
14.6	110.0
14.8	152.0
15.0	120.0
15.2	145.0
15.4	117.0
15.6	126.0
15.8	112.0
16.0	126.0
16.2	122.0
16.4	115.0
16.6	140.0
16.8	131.0
17.0	127.0
17.2	125.0
17.4	105.0
17.6	113.0
17.8	105.0
18.0	110.0
18.2	94.0
18.4	114.0
18.6	106.0
18.8	116.0
19.0	87.0
19.2	116.0
19.4	100.0
19.6	118.0
19.8	113.0
20.0	113.0
