Distance (mm)	Counts
0.0	90.0
0.2	84.0
0.4	106.0
0.6	84.0
0.8	99.0
1.0	93.0
1.2	99.0
1.4	107.0
1.6	116.0
1.8	104.0
2.0	95.0
2.2	102.0
2.4	96.0
2.6	92.0
2.8	78.0
3.0	92.0
3.2	102.0
3.4	118.0
3.6	95.0
3.8	90.0
4.0	102.0
4.2	95.0
4.4	106.0
4.6	94.0
4.8	85.0
5.0	104.0
5.2	104.0
5.4	140.0
5.6	97.0
5.8	97.0
6.0	91.0
6.2	100.0
6.4	101.0
6.6	103.0
6.8	105.0
7.0	99.0
7.2	118.0
7.4	129.0
7.6	102.0
7.8	120.0
8.0	105.0
8.2	126.0
8.4	123.0
8.6	118.0
8.8	122.0
9.0	127.0
9.2	125.0
9.4	116.0
9.6	106.0
9.8	111.0
10.0	111.0
10.2	124.0
10.4	119.0
10.6	120.0
10.8	119.0
11.0	112.0
11.2	123.0
11.4	129.0
11.6	132.0
11.8	126.0
12.0	111.0
12.2	105.0
12.4	109.0
12.6	125.0
12.8	119.0
13.0	113.0
13.2	114.0
13.4	120.0
13.6	117.0
13.8	119.0
14.0	124.0
14.2	116.0
14.4	142.0
14.6	107.0
14.8	110.0
15.0	116.0
15.2	103.0
15.4	117.0
15.6	113.0
15.8	124.0
16.0	135.0
16.2	90.0
16.4	106.0
16.6	114.0
16.8	113.0
17.0	104.0
17.2	99.0
17.4	103.0
17.6	104.0
17.8	99.0
18.0	98.0
18.2	119.0
18.4	99.0
18.6	115.0
18.8	93.0
19.0	121.0
19.2	96.0
19.4	113.0
19.6	102.0
19.8	104.0
20.0	107.0
