Distance (mm)	Counts
0.0	99.0
0.2	100.0
0.4	83.0
0.6	93.0
0.8	103.0
1.0	91.0
1.2	91.0
1.4	105.0
1.6	101.0
1.8	108.0
2.0	85.0
2.2	103.0
2.4	100.0
2.6	92.0
2.8	109.0
3.0	75.0
3.2	84.0
3.4	99.0
3.6	92.0
3.8	90.0
4.0	92.0
4.2	107.0
4.4	116.0
4.6	87.0
4.8	97.0
5.0	89.0
5.2	95.0
5.4	105.0
5.6	119.0
5.8	105.0
6.0	123.0
6.2	112.0
6.4	117.0
6.6	101.0
6.8	97.0
7.0	102.0
7.2	112.0
7.4	104.0
7.6	107.0
7.8	116.0
8.0	123.0
8.2	137.0
8.4	104.0
8.6	121.0
8.8	148.0
9.0	105.0
9.2	109.0
9.4	120.0
9.6	117.0
9.8	131.0
10.0	116.0
10.2	120.0
10.4	120.0
10.6	126.0
10.8	102.0
11.0	106.0
11.2	126.0
11.4	120.0
11.6	118.0
11.8	118.0
12.0	113.0
12.2	113.0
12.4	109.0
12.6	112.0
12.8	121.0
13.0	117.0
13.2	120.0
13.4	113.0
13.6	113.0
13.8	125.0
14.0	119.0
14.2	119.0
14.4	110.0
14.6	102.0
14.8	128.0
15.0	109.0
15.2	119.0
15.4	89.0
15.6	106.0
15.8	111.0
16.0	109.0
16.2	107.0
16.4	95.0
16.6	111.0
16.8	104.0
17.0	106.0
17.2	100.0
17.4	119.0
17.6	97.0
17.8	98.0
18.0	84.0
18.2	108.0
18.4	112.0
18.6	94.0
18.8	109.0
19.0	102.0
19.2	92.0
19.4	91.0
19.6	97.0
19.8	101.0
20.0	101.0
