Distance (mm)	Counts
0.0	110.0
0.2	104.0
0.4	94.0
0.6	107.0
0.8	85.0
1.0	121.0
1.2	104.0
1.4	86.0
1.6	99.0
1.8	105.0
2.0	112.0
2.2	112.0
2.4	118.0
2.6	91.0
2.8	107.0
3.0	106.0
3.2	99.0
3.4	110.0
3.6	118.0
3.8	100.0
4.0	93.0
4.2	112.0
4.4	120.0
4.6	116.0
4.8	92.0
5.0	84.0
5.2	115.0
5.4	119.0
5.6	122.0
5.8	128.0
6.0	121.0
6.2	116.0
6.4	103.0
6.6	111.0
6.8	121.0
7.0	136.0
7.2	128.0
7.4	113.0
7.6	120.0
7.8	105.0
8.0	126.0
8.2	122.0
8.4	121.0
8.6	127.0
8.8	134.0
9.0	111.0
9.2	119.0
9.4	125.0
9.6	133.0
9.8	111.0
10.0	132.0
10.2	111.0
10.4	113.0
10.6	132.0
10.8	140.0
11.0	129.0
11.2	109.0
11.4	130.0
11.6	121.0
11.8	118.0
12.0	121.0
12.2	151.0
12.4	144.0
12.6	99.0
12.8	115.0
13.0	141.0
13.2	130.0
13.4	122.0
13.6	127.0
13.8	107.0
14.0	119.0
14.2	115.0
14.4	128.0
14.6	127.0
14.8	128.0
15.0	140.0
15.2	144.0
15.4	119.0
15.6	108.0
15.8	126.0
16.0	136.0
16.2	111.0
16.4	119.0
16.6	121.0
16.8	102.0
17.0	104.0
17.2	118.0
17.4	96.0
17.6	118.0
17.8	102.0
18.0	124.0
18.2	89.0
18.4	82.0
18.6	99.0
18.8	121.0
19.0	95.0
19.2	115.0
19.4	112.0
19.6	110.0
19.8	107.0
20.0	108.0
