Distance (mm)	Counts
0.0	99.0
0.2	99.0
0.4	93.0
0.6	120.0
0.8	83.0
1.0	96.0
1.2	95.0
1.4	88.0
1.6	73.0
1.8	84.0
2.0	87.0
2.2	87.0
2.4	91.0
2.6	83.0
2.8	90.0
3.0	107.0
3.2	128.0
3.4	104.0
3.6	69.0
3.8	93.0
4.0	108.0
4.2	93.0
4.4	94.0
4.6	101.0
4.8	95.0
5.0	99.0
5.2	115.0
5.4	102.0
5.6	114.0
5.8	110.0
6.0	115.0
6.2	100.0
6.4	103.0
6.6	109.0
6.8	109.0
7.0	100.0
7.2	105.0
7.4	106.0
7.6	91.0
7.8	109.0
8.0	115.0
8.2	121.0
8.4	113.0
8.6	108.0
8.8	118.0
9.0	116.0
9.2	107.0
9.4	120.0
9.6	93.0
9.8	123.0
10.0	114.0
10.2	112.0
10.4	126.0
10.6	130.0
10.8	116.0
11.0	106.0
11.2	141.0
11.4	112.0
11.6	112.0
11.8	107.0
12.0	95.0
12.2	101.0
12.4	127.0
12.6	107.0
12.8	94.0
13.0	106.0
13.2	142.0
13.4	121.0
13.6	103.0
13.8	103.0
14.0	92.0
14.2	127.0
14.4	116.0
14.6	116.0
14.8	97.0
15.0	109.0
15.2	99.0
15.4	101.0
15.6	97.0
15.8	97.0
16.0	83.0
16.2	109.0
16.4	108.0
16.6	106.0
16.8	108.0
17.0	98.0
17.2	102.0
17.4	93.0
17.6	84.0
17.8	103.0
18.0	107.0
18.2	91.0
18.4	96.0
18.6	93.0
18.8	95.0
19.0	107.0
19.2	110.0
19.4	105.0
19.6	84.0
19.8	116.0
20.0	77.0
