Distance (mm)	Counts
0.0	78.0
0.2	92.0
0.4	95.0
0.6	86.0
0.8	104.0
1.0	85.0
1.2	81.0
1.4	89.0
1.6	100.0
1.8	113.0
2.0	94.0
2.2	97.0
2.4	83.0
2.6	117.0
2.8	111.0
3.0	91.0
3.2	107.0
3.4	96.0
3.6	115.0
3.8	106.0
4.0	118.0
4.2	97.0
4.4	106.0
4.6	105.0
4.8	122.0
5.0	101.0
5.2	94.0
5.4	116.0
5.6	105.0
5.8	110.0
6.0	115.0
6.2	97.0
6.4	122.0
6.6	115.0
6.8	122.0
7.0	102.0
7.2	127.0
7.4	105.0
7.6	113.0
7.8	119.0
8.0	116.0
8.2	111.0
8.4	138.0
8.6	111.0
8.8	108.0
9.0	102.0
9.2	103.0
9.4	114.0
9.6	109.0
9.8	133.0
10.0	127.0
10.2	130.0
10.4	127.0
10.6	107.0
10.8	122.0
11.0	129.0
11.2	140.0
11.4	100.0
11.6	116.0
11.8	116.0
12.0	110.0
12.2	118.0
12.4	113.0
12.6	102.0
12.8	106.0
13.0	132.0
13.2	136.0
13.4	129.0
13.6	120.0
13.8	110.0
14.0	123.0
14.2	108.0
14.4	157.0
14.6	122.0
14.8	103.0
15.0	114.0
15.2	108.0
15.4	120.0
15.6	103.0
15.8	105.0
16.0	110.0
16.2	115.0
16.4	98.0
16.6	112.0
16.8	117.0
17.0	122.0
17.2	118.0
17.4	113.0
17.6	108.0
17.8	113.0
18.0	109.0
18.2	101.0
18.4	105.0
18.6	114.0
18.8	118.0
19.0	119.0
19.2	98.0
19.4	117.0
19.6	95.0
19.8	95.0
20.0	105.0
