Distance (mm)	Counts
0.0	95.0
0.2	83.0
0.4	78.0
0.6	83.0
0.8	105.0
1.0	101.0
1.2	116.0
1.4	88.0
1.6	80.0
1.8	90.0
2.0	114.0
2.2	107.0
2.4	87.0
2.6	119.0
2.8	86.0
3.0	91.0
3.2	92.0
3.4	102.0
3.6	112.0
3.8	113.0
4.0	97.0
4.2	102.0
4.4	93.0
4.6	119.0
4.8	104.0
5.0	124.0
5.2	108.0
5.4	119.0
5.6	99.0
5.8	100.0
6.0	108.0
6.2	118.0
6.4	124.0
6.6	113.0
6.8	118.0
7.0	110.0
7.2	117.0
7.4	126.0
7.6	110.0
7.8	106.0
8.0	155.0
8.2	127.0
8.4	134.0
8.6	143.0
8.8	119.0
9.0	123.0
9.2	135.0
9.4	143.0
9.6	126.0
9.8	119.0
10.0	125.0
10.2	117.0
10.4	133.0
10.6	129.0
10.8	128.0
11.0	116.0
11.2	142.0
11.4	120.0
11.6	116.0
11.8	108.0
12.0	110.0
12.2	130.0
12.4	109.0
12.6	123.0
12.8	138.0
13.0	114.0
13.2	121.0
13.4	126.0
13.6	118.0
13.8	119.0
14.0	114.0
14.2	101.0
14.4	111.0
14.6	102.0
14.8	129.0
15.0	101.0
15.2	115.0
15.4	112.0
15.6	119.0
15.8	120.0
16.0	112.0
16.2	129.0
16.4	112.0
16.6	121.0
16.8	96.0
17.0	124.0
17.2	109.0
17.4	108.0
17.6	118.0
17.8	122.0
18.0	103.0
18.2	108.0
18.4	117.0
18.6	126.0
18.8	119.0
19.0	104.0
19.2	115.0
19.4	117.0
19.6	102.0
19.8	109.0
20.0	108.0
