Distance (mm)	Counts
0.0	111.0
0.2	103.0
0.4	88.0
0.6	113.0
0.8	104.0
1.0	108.0
1.2	94.0
1.4	89.0
1.6	105.0
1.8	92.0
2.0	103.0
2.2	84.0
2.4	106.0
2.6	111.0
2.8	108.0
3.0	94.0
3.2	99.0
3.4	96.0
3.6	114.0
3.8	110.0
4.0	118.0
4.2	105.0
4.4	105.0
4.6	134.0
4.8	127.0
5.0	87.0
5.2	117.0
5.4	137.0
5.6	130.0
5.8	134.0
6.0	121.0
6.2	113.0
6.4	110.0
6.6	107.0
6.8	113.0
7.0	130.0
7.2	132.0
7.4	119.0
7.6	110.0
7.8	120.0
8.0	122.0
8.2	134.0
8.4	126.0
8.6	129.0
8.8	112.0
9.0	116.0
9.2	124.0
9.4	127.0
9.6	131.0
9.8	141.0
10.0	148.0
10.2	146.0
10.4	119.0
10.6	129.0
10.8	153.0
11.0	143.0
11.2	114.0
11.4	140.0
11.6	128.0
11.8	140.0
12.0	135.0
12.2	115.0
12.4	141.0
12.6	130.0
12.8	139.0
13.0	125.0
13.2	130.0
13.4	104.0
13.6	121.0
13.8	124.0
14.0	122.0
14.2	133.0
14.4	113.0
14.6	140.0
14.8	141.0
15.0	105.0
15.2	143.0
15.4	123.0
15.6	117.0
15.8	136.0
16.0	115.0
16.2	127.0
16.4	128.0
16.6	108.0
16.8	120.0
17.0	114.0
17.2	130.0
17.4	129.0
17.6	133.0
17.8	140.0
18.0	116.0
18.2	134.0
18.4	107.0
18.6	107.0
18.8	120.0
19.0	85.0
19.2	96.0
19.4	104.0
19.6	126.0
19.8	116.0
20.0	106.0
