Distance (mm)	Counts
0.0	90.0
0.2	89.0
0.4	63.0
0.6	90.0
0.8	107.0
1.0	109.0
1.2	108.0
1.4	92.0
1.6	105.0
1.8	102.0
2.0	117.0
2.2	88.0
2.4	91.0
2.6	103.0
2.8	107.0
3.0	100.0
3.2	105.0
3.4	104.0
3.6	109.0
3.8	122.0
4.0	109.0
4.2	123.0
4.4	105.0
4.6	108.0
4.8	82.0
5.0	101.0
5.2	112.0
5.4	117.0
5.6	103.0
5.8	109.0
6.0	100.0
6.2	115.0
6.4	114.0
6.6	124.0
6.8	124.0
7.0	121.0
7.2	122.0
7.4	101.0
7.6	122.0
7.8	102.0
8.0	104.0
8.2	129.0
8.4	121.0
8.6	127.0
8.8	116.0
9.0	111.0
9.2	129.0
9.4	135.0
9.6	106.0
9.8	140.0
10.0	142.0
10.2	123.0
10.4	147.0
10.6	120.0
10.8	122.0
11.0	120.0
11.2	122.0
11.4	131.0
11.6	125.0
11.8	135.0
12.0	132.0
12.2	116.0
12.4	104.0
12.6	107.0
12.8	143.0
13.0	142.0
13.2	108.0
13.4	121.0
13.6	127.0
13.8	140.0
14.0	118.0
14.2	101.0
14.4	121.0
14.6	130.0
14.8	130.0
15.0	122.0
15.2	141.0
15.4	130.0
15.6	125.0
15.8	126.0
16.0	131.0
16.2	137.0
16.4	147.0
16.6	122.0
16.8	111.0
17.0	131.0
17.2	128.0
17.4	114.0
17.6	123.0
17.8	109.0
18.0	113.0
18.2	101.0
18.4	109.0
18.6	118.0
18.8	106.0
19.0	122.0
19.2	107.0
19.4	99.0
19.6	118.0
19.8	97.0
20.0	120.0
