Distance (mm)	Counts
0.0	238.0
0.2	251.0
0.4	271.0
0.6	262.0
0.8	283.0
1.0	276.0
1.2	287.0
1.4	271.0
1.6	319.0
1.8	304.0
2.0	337.0
2.2	346.0
2.4	336.0
2.6	355.0
2.8	373.0
3.0	404.0
3.2	376.0
3.4	439.0
3.6	407.0
3.8	427.0
4.0	479.0
4.2	466.0
4.4	498.0
4.6	536.0
4.8	544.0
5.0	527.0
5.2	593.0
5.4	621.0
5.6	579.0
5.8	663.0
6.0	670.0
6.2	676.0
6.4	645.0
6.6	703.0
6.8	727.0
7.0	748.0
7.2	801.0
7.4	802.0
7.6	778.0
7.8	904.0
8.0	928.0
8.2	1073.0
8.4	1205.0
8.6	1334.0
8.8	1409.0
9.0	1570.0
9.2	1844.0
9.4	1998.0
9.6	2091.0
9.8	2296.0
10.0	2552.0
10.2	2679.0
10.4	2940.0
10.6	2958.0
10.8	3133.0
11.0	3189.0
11.2	3279.0
11.4	3140.0
11.6	3160.0
11.8	3154.0
12.0	3117.0
12.2	2897.0
12.4	2777.0
12.6	2620.0
12.8	2396.0
13.0	2168.0
13.2	2120.0
13.4	1914.0
13.6	1669.0
13.8	1616.0
14.0	1442.0
14.2	1277.0
14.4	1168.0
14.6	1062.0
14.8	989.0
15.0	863.0
15.2	879.0
15.4	805.0
15.6	788.0
15.8	720.0
16.0	766.0
16.2	750.0
16.4	763.0
16.6	694.0
16.8	702.0
17.0	654.0
17.2	614.0
17.4	658.0
17.6	616.0
17.8	589.0
18.0	579.0
18.2	525.0
18.4	519.0
18.6	486.0
18.8	537.0
19.0	451.0
19.2	451.0
19.4	466.0
19.6	411.0
19.8	391.0
20.0	365.0
