Distance (mm)	Counts
0.0	257.0
0.2	249.0
0.4	273.0
0.6	264.0
0.8	285.0
1.0	292.0
1.2	301.0
1.4	319.0
1.6	351.0
1.8	304.0
2.0	335.0
2.2	367.0
2.4	342.0
2.6	397.0
2.8	367.0
3.0	407.0
3.2	389.0
3.4	405.0
3.6	430.0
3.8	444.0
4.0	432.0
4.2	437.0
4.4	452.0
4.6	506.0
4.8	493.0
5.0	508.0
5.2	566.0
5.4	656.0
5.6	622.0
5.8	664.0
6.0	784.0
6.2	903.0
6.4	962.0
6.6	1100.0
6.8	1199.0
7.0	1356.0
7.2	1409.0
7.4	1453.0
7.6	1584.0
7.8	1616.0
8.0	1776.0
8.2	1961.0
8.4	1831.0
8.6	1919.0
8.8	1858.0
9.0	1801.0
9.2	1777.0
9.4	1625.0
9.6	1580.0
9.8	1485.0
10.0	1415.0
10.2	1339.0
10.4	1264.0
10.6	1177.0
10.8	1135.0
11.0	1032.0
11.2	1072.0
11.4	1107.0
11.6	1157.0
11.8	1187.0
12.0	1281.0
12.2	1405.0
12.4	1537.0
12.6	1555.0
12.8	1714.0
13.0	1799.0
13.2	1861.0
13.4	1916.0
13.6	1990.0
13.8	1975.0
14.0	1909.0
14.2	1866.0
14.4	1800.0
14.6	1740.0
14.8	1697.0
15.0	1490.0
15.2	1464.0
15.4	1409.0
15.6	1242.0
15.8	1138.0
16.0	992.0
16.2	888.0
16.4	821.0
16.6	733.0
16.8	725.0
17.0	595.0
17.2	579.0
17.4	559.0
17.6	512.0
17.8	505.0
18.0	535.0
18.2	510.0
18.4	473.0
18.6	462.0
18.8	485.0
19.0	449.0
19.2	413.0
19.4	448.0
19.6	379.0
19.8	416.0
20.0	417.0
