Distance (mm)	Counts
0.0	234.0
0.2	225.0
0.4	264.0
0.6	233.0
0.8	233.0
1.0	279.0
1.2	282.0
1.4	271.0
1.6	283.0
1.8	278.0
2.0	318.0
2.2	269.0
2.4	320.0
2.6	317.0
2.8	335.0
3.0	343.0
3.2	349.0
3.4	366.0
3.6	344.0
3.8	313.0
4.0	393.0
4.2	404.0
4.4	404.0
4.6	430.0
4.8	417.0
5.0	428.0
5.2	486.0
5.4	503.0
5.6	466.0
5.8	500.0
6.0	538.0
6.2	533.0
6.4	590.0
6.6	575.0
6.8	581.0
7.0	642.0
7.2	684.0
7.4	672.0
7.6	684.0
7.8	702.0
8.0	760.0
8.2	758.0
8.4	878.0
8.6	1005.0
8.8	1005.0
9.0	1138.0
9.2	1388.0
9.4	1390.0
9.6	1446.0
9.8	1696.0
10.0	1751.0
10.2	1838.0
10.4	1896.0
10.6	2091.0
10.8	2163.0
11.0	2247.0
11.2	2229.0
11.4	2321.0
11.6	2442.0
11.8	2518.0
12.0	2503.0
12.2	2554.0
12.4	2574.0
12.6	2589.0
12.8	2639.0
13.0	2658.0
13.2	2529.0
13.4	2543.0
13.6	2493.0
13.8	2429.0
14.0	2391.0
14.2	2253.0
14.4	2176.0
14.6	1997.0
14.8	1934.0
15.0	1745.0
15.2	1703.0
15.4	1602.0
15.6	1468.0
15.8	1289.0
16.0	1294.0
16.2	1079.0
16.4	985.0
16.6	922.0
16.8	867.0
17.0	900.0
17.2	777.0
17.4	718.0
17.6	666.0
17.8	678.0
18.0	696.0
18.2	615.0
18.4	631.0
18.6	615.0
18.8	592.0
19.0	553.0
19.2	605.0
19.4	554.0
19.6	545.0
19.8	521.0
20.0	554.0
