Distance (mm)	Counts
0.0	269.0
0.2	298.0
0.4	293.0
0.6	315.0
0.8	318.0
1.0	330.0
1.2	361.0
1.4	358.0
1.6	366.0
1.8	400.0
2.0	377.0
2.2	391.0
2.4	398.0
2.6	423.0
2.8	456.0
3.0	462.0
3.2	493.0
3.4	470.0
3.6	506.0
3.8	545.0
4.0	515.0
4.2	509.0
4.4	553.0
4.6	605.0
4.8	558.0
5.0	678.0
5.2	656.0
5.4	747.0
5.6	851.0
5.8	938.0
6.0	1083.0
6.2	1115.0
6.4	1251.0
6.6	1414.0
6.8	1498.0
7.0	1611.0
7.2	1720.0
7.4	1811.0
7.6	1916.0
7.8	1929.0
8.0	2050.0
8.2	2012.0
8.4	2005.0
8.6	1896.0
8.8	1877.0
9.0	1794.0
9.2	1681.0
9.4	1607.0
9.6	1581.0
9.8	1461.0
10.0	1417.0
10.2	1283.0
10.4	1410.0
10.6	1448.0
10.8	1370.0
11.0	1409.0
11.2	1521.0
11.4	1650.0
11.6	1726.0
11.8	1761.0
12.0	1857.0
12.2	1948.0
12.4	1973.0
12.6	2122.0
12.8	2037.0
13.0	2047.0
13.2	1954.0
13.4	1927.0
13.6	1837.0
13.8	1729.0
14.0	1712.0
14.2	1538.0
14.4	1398.0
14.6	1238.0
14.8	1217.0
15.0	1065.0
15.2	960.0
15.4	912.0
15.6	800.0
15.8	719.0
16.0	668.0
16.2	614.0
16.4	583.0
16.6	618.0
16.8	570.0
17.0	568.0
17.2	532.0
17.4	499.0
17.6	484.0
17.8	500.0
18.0	458.0
18.2	446.0
18.4	492.0
18.6	438.0
18.8	364.0
19.0	411.0
19.2	432.0
19.4	396.0
19.6	382.0
19.8	371.0
20.0	350.0
