Distance (mm)	Counts
0.0	246.0
0.2	268.0
0.4	245.0
0.6	262.0
0.8	314.0
1.0	292.0
1.2	277.0
1.4	317.0
1.6	307.0
1.8	306.0
2.0	340.0
2.2	365.0
2.4	374.0
2.6	423.0
2.8	371.0
3.0	369.0
3.2	411.0
3.4	427.0
3.6	445.0
3.8	473.0
4.0	451.0
4.2	468.0
4.4	481.0
4.6	517.0
4.8	536.0
5.0	653.0
5.2	680.0
5.4	808.0
5.6	909.0
5.8	994.0
6.0	1091.0
6.2	1197.0
6.4	1309.0
6.6	1375.0
6.8	1456.0
7.0	1514.0
7.2	1589.0
7.4	1606.0
7.6	1610.0
7.8	1635.0
8.0	1648.0
8.2	1586.0
8.4	1569.0
8.6	1446.0
8.8	1416.0
9.0	1314.0
9.2	1248.0
9.4	1141.0
9.6	1111.0
9.8	977.0
10.0	907.0
10.2	911.0
10.4	822.0
10.6	823.0
10.8	865.0
11.0	845.0
11.2	994.0
11.4	1040.0
11.6	1116.0
11.8	1155.0
12.0	1243.0
12.2	1310.0
12.4	1372.0
12.6	1521.0
12.8	1514.0
13.0	1678.0
13.2	1695.0
13.4	1667.0
13.6	1686.0
13.8	1547.0
14.0	1519.0
14.2	1496.0
14.4	1446.0
14.6	1371.0
14.8	1221.0
15.0	1095.0
15.2	1039.0
15.4	954.0
15.6	860.0
15.8	773.0
16.0	716.0
16.2	590.0
16.4	588.0
16.6	522.0
16.8	507.0
17.0	456.0
17.2	505.0
17.4	484.0
17.6	455.0
17.8	437.0
18.0	425.0
18.2	442.0
18.4	401.0
18.6	415.0
18.8	400.0
19.0	352.0
19.2	366.0
19.4	421.0
19.6	352.0
19.8	337.0
20.0	321.0
