Distance (mm)	Counts
0.0	298.0
0.2	290.0
0.4	283.0
0.6	310.0
0.8	371.0
1.0	327.0
1.2	370.0
1.4	342.0
1.6	388.0
1.8	354.0
2.0	428.0
2.2	398.0
2.4	410.0
2.6	426.0
2.8	458.0
3.0	481.0
3.2	438.0
3.4	475.0
3.6	460.0
3.8	475.0
4.0	510.0
4.2	540.0
4.4	573.0
4.6	628.0
4.8	698.0
5.0	798.0
5.2	900.0
5.4	1013.0
5.6	1094.0
5.8	1202.0
6.0	1226.0
6.2	1370.0
6.4	1491.0
6.6	1630.0
6.8	1615.0
7.0	1699.0
7.2	1759.0
7.4	1854.0
7.6	1797.0
7.8	1787.0
8.0	1771.0
8.2	1636.0
8.4	1586.0
8.6	1545.0
8.8	1466.0
9.0	1394.0
9.2	1365.0
9.4	1259.0
9.6	1208.0
9.8	1043.0
10.0	1048.0
10.2	1078.0
10.4	957.0
10.6	991.0
10.8	1042.0
11.0	1064.0
11.2	1092.0
11.4	1294.0
11.6	1323.0
11.8	1376.0
12.0	1575.0
12.2	1541.0
12.4	1635.0
12.6	1645.0
12.8	1744.0
13.0	1783.0
13.2	1849.0
13.4	1827.0
13.6	1779.0
13.8	1738.0
14.0	1635.0
14.2	1525.0
14.4	1466.0
14.6	1451.0
14.8	1325.0
15.0	1186.0
15.2	1084.0
15.4	1059.0
15.6	977.0
15.8	827.0
16.0	750.0
16.2	701.0
16.4	644.0
16.6	548.0
16.8	554.0
17.0	504.0
17.2	484.0
17.4	498.0
17.6	461.0
17.8	443.0
18.0	448.0
18.2	413.0
18.4	448.0
18.6	426.0
18.8	418.0
19.0	402.0
19.2	415.0
19.4	409.0
19.6	359.0
19.8	392.0
20.0	390.0
