Distance (mm)	Counts
0.0	270.0
0.2	270.0
0.4	292.0
0.6	294.0
0.8	318.0
1.0	320.0
1.2	304.0
1.4	313.0
1.6	309.0
1.8	340.0
2.0	384.0
2.2	376.0
2.4	376.0
2.6	373.0
2.8	415.0
3.0	425.0
3.2	434.0
3.4	419.0
3.6	438.0
3.8	492.0
4.0	512.0
4.2	506.0
4.4	501.0
4.6	488.0
4.8	505.0
5.0	537.0
5.2	577.0
5.4	591.0
5.6	598.0
5.8	611.0
6.0	631.0
6.2	674.0
6.4	696.0
6.6	774.0
6.8	833.0
7.0	971.0
7.2	1053.0
7.4	1212.0
7.6	1280.0
7.8	1373.0
8.0	1450.0
8.2	1595.0
8.4	1772.0
8.6	1834.0
8.8	1889.0
9.0	2068.0
9.2	2152.0
9.4	2207.0
9.6	2250.0
9.8	2331.0
10.0	2184.0
10.2	2239.0
10.4	2115.0
10.6	1973.0
10.8	2082.0
11.0	1983.0
11.2	1963.0
11.4	2067.0
11.6	2120.0
11.8	2011.0
12.0	2160.0
12.2	2102.0
12.4	2078.0
12.6	2118.0
12.8	2133.0
13.0	2161.0
13.2	2237.0
13.4	2354.0
13.6	2341.0
13.8	2350.0
14.0	2310.0
14.2	2240.0
14.4	2206.0
14.6	2094.0
14.8	2041.0
15.0	1783.0
15.2	1727.0
15.4	1661.0
15.6	1538.0
15.8	1382.0
16.0	1276.0
16.2	1254.0
16.4	1115.0
16.6	975.0
16.8	881.0
17.0	747.0
17.2	741.0
17.4	737.0
17.6	702.0
17.8	670.0
18.0	669.0
18.2	617.0
18.4	623.0
18.6	643.0
18.8	603.0
19.0	560.0
19.2	548.0
19.4	504.0
19.6	520.0
19.8	537.0
20.0	503.0
