Distance (mm)	Counts
0.0	278.0
0.2	286.0
0.4	309.0
0.6	328.0
0.8	323.0
1.0	303.0
1.2	321.0
1.4	308.0
1.6	385.0
1.8	369.0
2.0	352.0
2.2	402.0
2.4	398.0
2.6	421.0
2.8	436.0
3.0	489.0
3.2	496.0
3.4	512.0
3.6	549.0
3.8	514.0
4.0	556.0
4.2	583.0
4.4	595.0
4.6	634.0
4.8	571.0
5.0	630.0
5.2	664.0
5.4	691.0
5.6	722.0
5.8	709.0
6.0	749.0
6.2	780.0
6.4	826.0
6.6	849.0
6.8	973.0
7.0	1010.0
7.2	1188.0
7.4	1288.0
7.6	1353.0
7.8	1526.0
8.0	1621.0
8.2	1812.0
8.4	1907.0
8.6	1997.0
8.8	2155.0
9.0	2292.0
9.2	2405.0
9.4	2677.0
9.6	2736.0
9.8	2812.0
10.0	2852.0
10.2	2926.0
10.4	2989.0
10.6	2969.0
10.8	3077.0
11.0	2983.0
11.2	2983.0
11.4	3014.0
11.6	3003.0
11.8	2951.0
12.0	2905.0
12.2	2785.0
12.4	2576.0
12.6	2341.0
12.8	2256.0
13.0	2190.0
13.2	2012.0
13.4	1952.0
13.6	1705.0
13.8	1558.0
14.0	1576.0
14.2	1448.0
14.4	1288.0
14.6	1221.0
14.8	1057.0
15.0	971.0
15.2	926.0
15.4	893.0
15.6	822.0
15.8	806.0
16.0	766.0
16.2	723.0
16.4	741.0
16.6	698.0
16.8	679.0
17.0	690.0
17.2	651.0
17.4	660.0
17.6	610.0
17.8	601.0
18.0	566.0
18.2	559.0
18.4	528.0
18.6	566.0
18.8	484.0
19.0	473.0
19.2	506.0
19.4	464.0
19.6	423.0
19.8	452.0
20.0	407.0
