Distance (mm)	Counts
0.0	263.0
0.2	279.0
0.4	297.0
0.6	259.0
0.8	270.0
1.0	293.0
1.2	273.0
1.4	307.0
1.6	301.0
1.8	331.0
2.0	315.0
2.2	330.0
2.4	377.0
2.6	369.0
2.8	390.0
3.0	412.0
3.2	409.0
3.4	408.0
3.6	447.0
3.8	465.0
4.0	433.0
4.2	473.0
4.4	559.0
4.6	502.0
4.8	544.0
5.0	539.0
5.2	580.0
5.4	606.0
5.6	636.0
5.8	673.0
6.0	679.0
6.2	706.0
6.4	741.0
6.6	731.0
6.8	778.0
7.0	787.0
7.2	868.0
7.4	817.0
7.6	827.0
7.8	964.0
8.0	914.0
8.2	1048.0
8.4	1096.0
8.6	1271.0
8.8	1353.0
9.0	1610.0
9.2	1927.0
9.4	2157.0
9.6	2370.0
9.8	2529.0
10.0	2683.0
10.2	2921.0
10.4	3049.0
10.6	3297.0
10.8	3568.0
11.0	3695.0
11.2	3802.0
11.4	3792.0
11.6	3722.0
11.8	3746.0
12.0	3716.0
12.2	3542.0
12.4	3156.0
12.6	3094.0
12.8	2893.0
13.0	2738.0
13.2	2540.0
13.4	2353.0
13.6	2088.0
13.8	1952.0
14.0	1702.0
14.2	1488.0
14.4	1269.0
14.6	1084.0
14.8	1041.0
15.0	945.0
15.2	907.0
15.4	886.0
15.6	879.0
15.8	818.0
16.0	769.0
16.2	780.0
16.4	812.0
16.6	786.0
16.8	703.0
17.0	731.0
17.2	743.0
17.4	707.0
17.6	714.0
17.8	651.0
18.0	621.0
18.2	633.0
18.4	586.0
18.6	570.0
18.8	591.0
19.0	576.0
19.2	531.0
19.4	505.0
19.6	475.0
19.8	467.0
20.0	415.0
