Distance (mm)	Counts
0.0	306.0
0.2	301.0
0.4	317.0
0.6	328.0
0.8	320.0
1.0	297.0
1.2	361.0
1.4	398.0
1.6	352.0
1.8	389.0
2.0	403.0
2.2	454.0
2.4	474.0
2.6	413.0
2.8	457.0
3.0	490.0
3.2	442.0
3.4	534.0
3.6	513.0
3.8	564.0
4.0	548.0
4.2	594.0
4.4	570.0
4.6	604.0
4.8	677.0
5.0	636.0
5.2	686.0
5.4	747.0
5.6	776.0
5.8	782.0
6.0	824.0
6.2	920.0
6.4	1006.0
6.6	1044.0
6.8	1150.0
7.0	1302.0
7.2	1401.0
7.4	1520.0
7.6	1722.0
7.8	1753.0
8.0	1874.0
8.2	1951.0
8.4	2074.0
8.6	2283.0
8.8	2252.0
9.0	2395.0
9.2	2471.0
9.4	2482.0
9.6	2581.0
9.8	2552.0
10.0	2712.0
10.2	2647.0
10.4	2649.0
10.6	2627.0
10.8	2663.0
11.0	2665.0
11.2	2692.0
11.4	2702.0
11.6	2707.0
11.8	2580.0
12.0	2486.0
12.2	2518.0
12.4	2449.0
12.6	2444.0
12.8	2258.0
13.0	2129.0
13.2	2045.0
13.4	1966.0
13.6	1841.0
13.8	1687.0
14.0	1569.0
14.2	1536.0
14.4	1333.0
14.6	1222.0
14.8	1123.0
15.0	1072.0
15.2	877.0
15.4	896.0
15.6	837.0
15.8	728.0
16.0	722.0
16.2	730.0
16.4	768.0
16.6	742.0
16.8	663.0
17.0	631.0
17.2	619.0
17.4	601.0
17.6	520.0
17.8	609.0
18.0	530.0
18.2	533.0
18.4	494.0
18.6	510.0
18.8	469.0
19.0	461.0
19.2	459.0
19.4	442.0
19.6	427.0
19.8	415.0
20.0	372.0
