Distance (mm)	Counts
0.0	200.0
0.2	194.0
0.4	207.0
0.6	203.0
0.8	183.0
1.0	208.0
1.2	237.0
1.4	243.0
1.6	227.0
1.8	262.0
2.0	234.0
2.2	238.0
2.4	270.0
2.6	280.0
2.8	276.0
3.0	282.0
3.2	309.0
3.4	300.0
3.6	311.0
3.8	316.0
4.0	327.0
4.2	338.0
4.4	345.0
4.6	378.0
4.8	379.0
5.0	370.0
5.2	417.0
5.4	400.0
5.6	415.0
5.8	440.0
6.0	433.0
6.2	470.0
6.4	494.0
6.6	513.0
6.8	515.0
7.0	525.0
7.2	550.0
7.4	566.0
7.6	672.0
7.8	749.0
8.0	891.0
8.2	1028.0
8.4	1097.0
8.6	1189.0
8.8	1348.0
9.0	1402.0
9.2	1520.0
9.4	1533.0
9.6	1599.0
9.8	1687.0
10.0	1647.0
10.2	1593.0
10.4	1498.0
10.6	1413.0
10.8	1376.0
11.0	1322.0
11.2	1176.0
11.4	1179.0
11.6	1054.0
11.8	1089.0
12.0	1120.0
12.2	1154.0
12.4	1225.0
12.6	1358.0
12.8	1358.0
13.0	1536.0
13.2	1485.0
13.4	1728.0
13.6	1762.0
13.8	1706.0
14.0	1764.0
14.2	1592.0
14.4	1592.0
14.6	1598.0
14.8	1432.0
15.0	1333.0
15.2	1161.0
15.4	1157.0
15.6	950.0
15.8	841.0
16.0	790.0
16.2	699.0
16.4	646.0
16.6	633.0
16.8	560.0
17.0	526.0
17.2	517.0
17.4	525.0
17.6	487.0
17.8	460.0
18.0	479.0
18.2	484.0
18.4	458.0
18.6	440.0
18.8	408.0
19.0	413.0
19.2	424.0
19.4	391.0
19.6	420.0
19.8	350.0
20.0	377.0
