Distance (mm)	Counts
0.0	165.0
0.2	160.0
0.4	178.0
0.6	186.0
0.8	193.0
1.0	184.0
1.2	191.0
1.4	194.0
1.6	205.0
1.8	210.0
2.0	222.0
2.2	243.0
2.4	251.0
2.6	226.0
2.8	268.0
3.0	229.0
3.2	264.0
3.4	263.0
3.6	269.0
3.8	279.0
4.0	270.0
4.2	314.0
4.4	289.0
4.6	314.0
4.8	320.0
5.0	312.0
5.2	336.0
5.4	338.0
5.6	381.0
5.8	370.0
6.0	365.0
6.2	383.0
6.4	379.0
6.6	451.0
6.8	419.0
7.0	420.0
7.2	462.0
7.4	454.0
7.6	505.0
7.8	527.0
8.0	523.0
8.2	525.0
8.4	536.0
8.6	540.0
8.8	597.0
9.0	604.0
9.2	621.0
9.4	696.0
9.6	670.0
9.8	744.0
10.0	831.0
10.2	971.0
10.4	1051.0
10.6	1207.0
10.8	1349.0
11.0	1363.0
11.2	1509.0
11.4	1703.0
11.6	1848.0
11.8	1981.0
12.0	2106.0
12.2	2246.0
12.4	2368.0
12.6	2320.0
12.8	2380.0
13.0	2320.0
13.2	2362.0
13.4	2317.0
13.6	2265.0
13.8	2207.0
14.0	1970.0
14.2	1838.0
14.4	1787.0
14.6	1547.0
14.8	1441.0
15.0	1291.0
15.2	1218.0
15.4	1076.0
15.6	963.0
15.8	825.0
16.0	741.0
16.2	730.0
16.4	739.0
16.6	672.0
16.8	633.0
17.0	636.0
17.2	650.0
17.4	644.0
17.6	628.0
17.8	566.0
18.0	543.0
18.2	550.0
18.4	522.0
18.6	537.0
18.8	508.0
19.0	469.0
19.2	485.0
19.4	456.0
19.6	474.0
19.8	417.0
20.0	400.0
