Distance (mm)	Counts
0.0	194.0
0.2	200.0
0.4	235.0
0.6	232.0
0.8	253.0
1.0	238.0
1.2	277.0
1.4	314.0
1.6	256.0
1.8	278.0
2.0	296.0
2.2	301.0
2.4	324.0
2.6	329.0
2.8	322.0
3.0	330.0
3.2	324.0
3.4	339.0
3.6	338.0
3.8	392.0
4.0	394.0
4.2	407.0
4.4	412.0
4.6	403.0
4.8	437.0
5.0	435.0
5.2	504.0
5.4	520.0
5.6	607.0
5.8	690.0
6.0	789.0
6.2	906.0
6.4	1018.0
6.6	1113.0
6.8	1189.0
7.0	1257.0
7.2	1343.0
7.4	1408.0
7.6	1453.0
7.8	1435.0
8.0	1416.0
8.2	1241.0
8.4	1239.0
8.6	1216.0
8.8	1122.0
9.0	1008.0
9.2	945.0
9.4	784.0
9.6	780.0
9.8	702.0
10.0	714.0
10.2	635.0
10.4	586.0
10.6	659.0
10.8	657.0
11.0	656.0
11.2	722.0
11.4	817.0
11.6	843.0
11.8	974.0
12.0	1070.0
12.2	1202.0
12.4	1208.0
12.6	1335.0
12.8	1411.0
13.0	1489.0
13.2	1440.0
13.4	1452.0
13.6	1403.0
13.8	1346.0
14.0	1181.0
14.2	1146.0
14.4	1101.0
14.6	982.0
14.8	839.0
15.0	766.0
15.2	707.0
15.4	621.0
15.6	516.0
15.8	445.0
16.0	436.0
16.2	461.0
16.4	436.0
16.6	414.0
16.8	387.0
17.0	386.0
17.2	377.0
17.4	360.0
17.6	363.0
17.8	350.0
18.0	300.0
18.2	319.0
18.4	315.0
18.6	339.0
18.8	332.0
19.0	278.0
19.2	300.0
19.4	289.0
19.6	291.0
19.8	275.0
20.0	281.0
