Distance (mm)	Counts
0.0	193.0
0.2	195.0
0.4	186.0
0.6	183.0
0.8	187.0
1.0	212.0
1.2	201.0
1.4	213.0
1.6	214.0
1.8	205.0
2.0	222.0
2.2	219.0
2.4	211.0
2.6	223.0
2.8	270.0
3.0	260.0
3.2	244.0
3.4	288.0
3.6	288.0
3.8	294.0
4.0	303.0
4.2	333.0
4.4	313.0
4.6	325.0
4.8	358.0
5.0	358.0
5.2	415.0
5.4	389.0
5.6	433.0
5.8	407.0
6.0	437.0
6.2	457.0
6.4	517.0
6.6	506.0
6.8	529.0
7.0	463.0
7.2	573.0
7.4	565.0
7.6	547.0
7.8	541.0
8.0	628.0
8.2	608.0
8.4	663.0
8.6	654.0
8.8	693.0
9.0	697.0
9.2	814.0
9.4	826.0
9.6	927.0
9.8	1147.0
10.0	1317.0
10.2	1502.0
10.4	1793.0
10.6	2057.0
10.8	2263.0
11.0	2400.0
11.2	2591.0
11.4	2796.0
11.6	2810.0
11.8	2854.0
12.0	2863.0
12.2	2606.0
12.4	2539.0
12.6	2354.0
12.8	2210.0
13.0	1996.0
13.2	1807.0
13.4	1544.0
13.6	1269.0
13.8	1162.0
14.0	987.0
14.2	910.0
14.4	799.0
14.6	742.0
14.8	677.0
15.0	623.0
15.2	650.0
15.4	634.0
15.6	649.0
15.8	624.0
16.0	614.0
16.2	621.0
16.4	593.0
16.6	561.0
16.8	538.0
17.0	530.0
17.2	530.0
17.4	492.0
17.6	502.0
17.8	512.0
18.0	489.0
18.2	442.0
18.4	423.0
18.6	411.0
18.8	387.0
19.0	403.0
19.2	393.0
19.4	404.0
19.6	338.0
19.8	309.0
20.0	323.0
