Distance (mm)	Counts
0.0	190.0
0.2	192.0
0.4	200.0
0.6	219.0
0.8	205.0
1.0	222.0
1.2	245.0
1.4	263.0
1.6	255.0
1.8	265.0
2.0	274.0
2.2	283.0
2.4	285.0
2.6	272.0
2.8	301.0
3.0	297.0
3.2	347.0
3.4	316.0
3.6	320.0
3.8	366.0
4.0	377.0
4.2	353.0
4.4	375.0
4.6	385.0
4.8	364.0
5.0	398.0
5.2	418.0
5.4	432.0
5.6	455.0
5.8	464.0
6.0	521.0
6.2	550.0
6.4	662.0
6.6	769.0
6.8	877.0
7.0	922.0
7.2	1074.0
7.4	1151.0
7.6	1327.0
7.8	1290.0
8.0	1377.0
8.2	1457.0
8.4	1485.0
8.6	1456.0
8.8	1453.0
9.0	1392.0
9.2	1282.0
9.4	1235.0
9.6	1243.0
9.8	1089.0
10.0	980.0
10.2	937.0
10.4	798.0
10.6	779.0
10.8	684.0
11.0	688.0
11.2	748.0
11.4	763.0
11.6	746.0
11.8	826.0
12.0	876.0
12.2	1013.0
12.4	1127.0
12.6	1270.0
12.8	1325.0
13.0	1390.0
13.2	1452.0
13.4	1567.0
13.6	1615.0
13.8	1633.0
14.0	1553.0
14.2	1516.0
14.4	1473.0
14.6	1321.0
14.8	1232.0
15.0	1176.0
15.2	1011.0
15.4	972.0
15.6	834.0
15.8	729.0
16.0	653.0
16.2	575.0
16.4	560.0
16.6	484.0
16.8	491.0
17.0	481.0
17.2	454.0
17.4	414.0
17.6	416.0
17.8	415.0
18.0	380.0
18.2	370.0
18.4	382.0
18.6	379.0
18.8	389.0
19.0	358.0
19.2	345.0
19.4	324.0
19.6	338.0
19.8	351.0
20.0	308.0
