Distance (mm)	Counts
0.0	162.0
0.2	189.0
0.4	202.0
0.6	190.0
0.8	174.0
1.0	204.0
1.2	200.0
1.4	184.0
1.6	218.0
1.8	220.0
2.0	227.0
2.2	209.0
2.4	241.0
2.6	265.0
2.8	264.0
3.0	297.0
3.2	280.0
3.4	285.0
3.6	283.0
3.8	312.0
4.0	310.0
4.2	295.0
4.4	286.0
4.6	339.0
4.8	339.0
5.0	379.0
5.2	332.0
5.4	351.0
5.6	398.0
5.8	391.0
6.0	376.0
6.2	396.0
6.4	406.0
6.6	447.0
6.8	469.0
7.0	529.0
7.2	605.0
7.4	664.0
7.6	827.0
7.8	883.0
8.0	994.0
8.2	1052.0
8.4	1159.0
8.6	1265.0
8.8	1333.0
9.0	1397.0
9.2	1404.0
9.4	1389.0
9.6	1276.0
9.8	1299.0
10.0	1208.0
10.2	1106.0
10.4	976.0
10.6	900.0
10.8	804.0
11.0	739.0
11.2	694.0
11.4	636.0
11.6	600.0
11.8	606.0
12.0	596.0
12.2	655.0
12.4	674.0
12.6	721.0
12.8	851.0
13.0	924.0
13.2	1010.0
13.4	1132.0
13.6	1216.0
13.8	1278.0
14.0	1360.0
14.2	1471.0
14.4	1502.0
14.6	1500.0
14.8	1396.0
15.0	1264.0
15.2	1147.0
15.4	1131.0
15.6	1000.0
15.8	916.0
16.0	804.0
16.2	666.0
16.4	543.0
16.6	547.0
16.8	461.0
17.0	502.0
17.2	460.0
17.4	457.0
17.6	407.0
17.8	422.0
18.0	398.0
18.2	378.0
18.4	376.0
18.6	365.0
18.8	361.0
19.0	389.0
19.2	346.0
19.4	352.0
19.6	313.0
19.8	348.0
20.0	297.0
