Distance (mm)	Counts
0.0	174.0
0.2	195.0
0.4	173.0
0.6	176.0
0.8	205.0
1.0	202.0
1.2	229.0
1.4	263.0
1.6	232.0
1.8	235.0
2.0	248.0
2.2	259.0
2.4	259.0
2.6	250.0
2.8	268.0
3.0	287.0
3.2	266.0
3.4	263.0
3.6	278.0
3.8	321.0
4.0	323.0
4.2	306.0
4.4	326.0
4.6	345.0
4.8	337.0
5.0	351.0
5.2	376.0
5.4	375.0
5.6	385.0
5.8	406.0
6.0	418.0
6.2	431.0
6.4	470.0
6.6	504.0
6.8	606.0
7.0	630.0
7.2	671.0
7.4	848.0
7.6	901.0
7.8	1063.0
8.0	1106.0
8.2	1273.0
8.4	1333.0
8.6	1423.0
8.8	1370.0
9.0	1409.0
9.2	1273.0
9.4	1275.0
9.6	1198.0
9.8	1075.0
10.0	1014.0
10.2	980.0
10.4	912.0
10.6	784.0
10.8	708.0
11.0	649.0
11.2	631.0
11.4	607.0
11.6	616.0
11.8	623.0
12.0	738.0
12.2	749.0
12.4	858.0
12.6	995.0
12.8	1103.0
13.0	1165.0
13.2	1216.0
13.4	1325.0
13.6	1385.0
13.8	1456.0
14.0	1473.0
14.2	1445.0
14.4	1311.0
14.6	1269.0
14.8	1171.0
15.0	1081.0
15.2	931.0
15.4	855.0
15.6	745.0
15.8	665.0
16.0	603.0
16.2	525.0
16.4	474.0
16.6	458.0
16.8	413.0
17.0	437.0
17.2	454.0
17.4	390.0
17.6	386.0
17.8	367.0
18.0	375.0
18.2	327.0
18.4	346.0
18.6	318.0
18.8	342.0
19.0	325.0
19.2	338.0
19.4	311.0
19.6	325.0
19.8	290.0
20.0	300.0
