Distance (mm)	Counts
0.0	175.0
0.2	198.0
0.4	213.0
0.6	185.0
0.8	190.0
1.0	190.0
1.2	229.0
1.4	208.0
1.6	217.0
1.8	244.0
2.0	229.0
2.2	237.0
2.4	250.0
2.6	239.0
2.8	260.0
3.0	250.0
3.2	282.0
3.4	277.0
3.6	304.0
3.8	284.0
4.0	282.0
4.2	263.0
4.4	323.0
4.6	312.0
4.8	346.0
5.0	394.0
5.2	337.0
5.4	354.0
5.6	371.0
5.8	403.0
6.0	425.0
6.2	419.0
6.4	452.0
6.6	451.0
6.8	454.0
7.0	509.0
7.2	481.0
7.4	494.0
7.6	521.0
7.8	604.0
8.0	637.0
8.2	650.0
8.4	805.0
8.6	871.0
8.8	992.0
9.0	1094.0
9.2	1222.0
9.4	1291.0
9.6	1468.0
9.8	1425.0
10.0	1568.0
10.2	1584.0
10.4	1523.0
10.6	1437.0
10.8	1411.0
11.0	1439.0
11.2	1281.0
11.4	1228.0
11.6	1248.0
11.8	1254.0
12.0	1269.0
12.2	1306.0
12.4	1393.0
12.6	1481.0
12.8	1550.0
13.0	1568.0
13.2	1579.0
13.4	1692.0
13.6	1587.0
13.8	1543.0
14.0	1454.0
14.2	1331.0
14.4	1165.0
14.6	1094.0
14.8	1051.0
15.0	864.0
15.2	734.0
15.4	667.0
15.6	615.0
15.8	571.0
16.0	566.0
16.2	590.0
16.4	549.0
16.6	512.0
16.8	493.0
17.0	501.0
17.2	490.0
17.4	477.0
17.6	467.0
17.8	439.0
18.0	445.0
18.2	388.0
18.4	424.0
18.6	384.0
18.8	409.0
19.0	371.0
19.2	337.0
19.4	371.0
19.6	317.0
19.8	341.0
20.0	304.0
