Distance (mm)	Counts
0.0	157.0
0.2	181.0
0.4	178.0
0.6	177.0
0.8	178.0
1.0	159.0
1.2	157.0
1.4	174.0
1.6	175.0
1.8	182.0
2.0	213.0
2.2	203.0
2.4	193.0
2.6	210.0
2.8	215.0
3.0	195.0
3.2	244.0
3.4	227.0
3.6	188.0
3.8	242.0
4.0	233.0
4.2	243.0
4.4	281.0
4.6	256.0
4.8	265.0
5.0	253.0
5.2	310.0
5.4	336.0
5.6	287.0
5.8	338.0
6.0	319.0
6.2	340.0
6.4	333.0
6.6	354.0
6.8	387.0
7.0	393.0
7.2	394.0
7.4	381.0
7.6	484.0
7.8	475.0
8.0	469.0
8.2	498.0
8.4	479.0
8.6	506.0
8.8	489.0
9.0	511.0
9.2	538.0
9.4	559.0
9.6	591.0
9.8	616.0
10.0	625.0
10.2	635.0
10.4	670.0
10.6	724.0
10.8	885.0
11.0	960.0
11.2	1099.0
11.4	1256.0
11.6	1440.0
11.8	1589.0
12.0	1731.0
12.2	2004.0
12.4	2111.0
12.6	2262.0
12.8	2343.0
13.0	2319.0
13.2	2322.0
13.4	2332.0
13.6	2384.0
13.8	2218.0
14.0	1883.0
14.2	1748.0
14.4	1590.0
14.6	1423.0
14.8	1303.0
15.0	1148.0
15.2	957.0
15.4	891.0
15.6	772.0
15.8	773.0
16.0	715.0
16.2	618.0
16.4	639.0
16.6	608.0
16.8	608.0
17.0	574.0
17.2	576.0
17.4	546.0
17.6	588.0
17.8	543.0
18.0	532.0
18.2	515.0
18.4	516.0
18.6	496.0
18.8	463.0
19.0	469.0
19.2	444.0
19.4	418.0
19.6	386.0
19.8	409.0
20.0	413.0
