Distance (mm)	Counts
0.0	261.0
0.2	226.0
0.4	220.0
0.6	248.0
0.8	257.0
1.0	224.0
1.2	258.0
1.4	255.0
1.6	278.0
1.8	275.0
2.0	268.0
2.2	293.0
2.4	304.0
2.6	308.0
2.8	333.0
3.0	308.0
3.2	335.0
3.4	374.0
3.6	371.0
3.8	374.0
4.0	392.0
4.2	423.0
4.4	414.0
4.6	381.0
4.8	450.0
5.0	477.0
5.2	490.0
5.4	507.0
5.6	504.0
5.8	557.0
6.0	548.0
6.2	558.0
6.4	593.0
6.6	627.0
6.8	640.0
7.0	660.0
7.2	636.0
7.4	662.0
7.6	705.0
7.8	729.0
8.0	728.0
8.2	856.0
8.4	963.0
8.6	1095.0
8.8	1172.0
9.0	1301.0
9.2	1443.0
9.4	1660.0
9.6	1797.0
9.8	1956.0
10.0	2144.0
10.2	2294.0
10.4	2519.0
10.6	2585.0
10.8	2793.0
11.0	2713.0
11.2	2817.0
11.4	2738.0
11.6	2773.0
11.8	2722.0
12.0	2702.0
12.2	2578.0
12.4	2469.0
12.6	2259.0
12.8	1961.0
13.0	1875.0
13.2	1668.0
13.4	1602.0
13.6	1364.0
13.8	1268.0
14.0	1128.0
14.2	986.0
14.4	927.0
14.6	853.0
14.8	777.0
15.0	726.0
15.2	740.0
15.4	678.0
15.6	694.0
15.8	683.0
16.0	648.0
16.2	663.0
16.4	635.0
16.6	604.0
16.8	579.0
17.0	562.0
17.2	557.0
17.4	555.0
17.6	507.0
17.8	505.0
18.0	478.0
18.2	501.0
18.4	443.0
18.6	454.0
18.8	472.0
19.0	433.0
19.2	381.0
19.4	402.0
19.6	390.0
19.8	359.0
20.0	328.0
