Distance (mm)	Counts
0.0	249.0
0.2	247.0
0.4	260.0
0.6	273.0
0.8	272.0
1.0	287.0
1.2	287.0
1.4	300.0
1.6	339.0
1.8	325.0
2.0	300.0
2.2	358.0
2.4	359.0
2.6	353.0
2.8	385.0
3.0	374.0
3.2	399.0
3.4	418.0
3.6	359.0
3.8	417.0
4.0	431.0
4.2	474.0
4.4	509.0
4.6	511.0
4.8	470.0
5.0	527.0
5.2	518.0
5.4	667.0
5.6	806.0
5.8	895.0
6.0	985.0
6.2	1085.0
6.4	1172.0
6.6	1304.0
6.8	1340.0
7.0	1503.0
7.2	1546.0
7.4	1601.0
7.6	1702.0
7.8	1680.0
8.0	1706.0
8.2	1630.0
8.4	1500.0
8.6	1526.0
8.8	1346.0
9.0	1243.0
9.2	1171.0
9.4	1075.0
9.6	1020.0
9.8	879.0
10.0	893.0
10.2	764.0
10.4	734.0
10.6	776.0
10.8	814.0
11.0	912.0
11.2	940.0
11.4	982.0
11.6	1239.0
11.8	1212.0
12.0	1301.0
12.2	1390.0
12.4	1521.0
12.6	1601.0
12.8	1630.0
13.0	1742.0
13.2	1740.0
13.4	1607.0
13.6	1534.0
13.8	1478.0
14.0	1469.0
14.2	1261.0
14.4	1224.0
14.6	1110.0
14.8	1042.0
15.0	972.0
15.2	899.0
15.4	814.0
15.6	662.0
15.8	628.0
16.0	520.0
16.2	498.0
16.4	519.0
16.6	483.0
16.8	438.0
17.0	454.0
17.2	436.0
17.4	375.0
17.6	413.0
17.8	431.0
18.0	389.0
18.2	350.0
18.4	393.0
18.6	381.0
18.8	349.0
19.0	331.0
19.2	325.0
19.4	326.0
19.6	322.0
19.8	328.0
20.0	288.0
