Distance (mm)	Counts
0.0	244.0
0.2	232.0
0.4	267.0
0.6	295.0
0.8	277.0
1.0	273.0
1.2	274.0
1.4	319.0
1.6	325.0
1.8	358.0
2.0	349.0
2.2	353.0
2.4	346.0
2.6	353.0
2.8	380.0
3.0	412.0
3.2	433.0
3.4	437.0
3.6	411.0
3.8	425.0
4.0	439.0
4.2	464.0
4.4	471.0
4.6	492.0
4.8	521.0
5.0	567.0
5.2	583.0
5.4	575.0
5.6	696.0
5.8	836.0
6.0	913.0
6.2	1009.0
6.4	1114.0
6.6	1170.0
6.8	1345.0
7.0	1395.0
7.2	1538.0
7.4	1594.0
7.6	1694.0
7.8	1730.0
8.0	1768.0
8.2	1743.0
8.4	1732.0
8.6	1637.0
8.8	1493.0
9.0	1398.0
9.2	1426.0
9.4	1270.0
9.6	1244.0
9.8	1081.0
10.0	1046.0
10.2	986.0
10.4	922.0
10.6	950.0
10.8	1011.0
11.0	1087.0
11.2	1164.0
11.4	1283.0
11.6	1463.0
11.8	1479.0
12.0	1531.0
12.2	1651.0
12.4	1691.0
12.6	1747.0
12.8	1815.0
13.0	1796.0
13.2	1729.0
13.4	1700.0
13.6	1588.0
13.8	1465.0
14.0	1430.0
14.2	1310.0
14.4	1227.0
14.6	1063.0
14.8	1014.0
15.0	844.0
15.2	760.0
15.4	721.0
15.6	610.0
15.8	584.0
16.0	591.0
16.2	514.0
16.4	545.0
16.6	540.0
16.8	454.0
17.0	438.0
17.2	496.0
17.4	461.0
17.6	449.0
17.8	453.0
18.0	410.0
18.2	423.0
18.4	376.0
18.6	365.0
18.8	350.0
19.0	348.0
19.2	339.0
19.4	327.0
19.6	328.0
19.8	339.0
20.0	312.0
