Distance (mm)	Counts
0.0	118.0
0.2	129.0
0.4	125.0
0.6	111.0
0.8	125.0
1.0	116.0
1.2	138.0
1.4	144.0
1.6	130.0
1.8	106.0
2.0	143.0
2.2	134.0
2.4	130.0
2.6	126.0
2.8	140.0
3.0	146.0
3.2	138.0
3.4	138.0
3.6	140.0
3.8	163.0
4.0	143.0
4.2	173.0
4.4	164.0
4.6	169.0
4.8	168.0
5.0	158.0
5.2	168.0
5.4	177.0
5.6	176.0
5.8	172.0
6.0	171.0
6.2	217.0
6.4	217.0
6.6	208.0
6.8	239.0
7.0	194.0
7.2	210.0
7.4	214.0
7.6	240.0
7.8	227.0
8.0	239.0
8.2	242.0
8.4	261.0
8.6	249.0
8.8	253.0
9.0	275.0
9.2	257.0
9.4	313.0
9.6	285.0
9.8	288.0
10.0	298.0
10.2	289.0
10.4	348.0
10.6	318.0
10.8	339.0
11.0	365.0
11.2	398.0
11.4	501.0
11.6	516.0
11.8	637.0
12.0	818.0
12.2	832.0
12.4	878.0
12.6	1013.0
12.8	996.0
13.0	972.0
13.2	941.0
13.4	755.0
13.6	700.0
13.8	597.0
14.0	542.0
14.2	429.0
14.4	363.0
14.6	386.0
14.8	342.0
15.0	340.0
15.2	341.0
15.4	311.0
15.6	308.0
15.8	328.0
16.0	300.0
16.2	322.0
16.4	320.0
16.6	270.0
16.8	298.0
17.0	288.0
17.2	265.0
17.4	273.0
17.6	256.0
17.8	245.0
18.0	261.0
18.2	228.0
18.4	221.0
18.6	238.0
18.8	189.0
19.0	202.0
19.2	225.0
19.4	201.0
19.6	189.0
19.8	191.0
20.0	178.0
