Distance (mm)	Counts
0.0	127.0
0.2	112.0
0.4	107.0
0.6	123.0
0.8	126.0
1.0	115.0
1.2	122.0
1.4	113.0
1.6	116.0
1.8	134.0
2.0	123.0
2.2	134.0
2.4	128.0
2.6	139.0
2.8	135.0
3.0	139.0
3.2	108.0
3.4	157.0
3.6	134.0
3.8	149.0
4.0	137.0
4.2	145.0
4.4	160.0
4.6	156.0
4.8	197.0
5.0	165.0
5.2	162.0
5.4	165.0
5.6	176.0
5.8	186.0
6.0	183.0
6.2	196.0
6.4	188.0
6.6	221.0
6.8	203.0
7.0	233.0
7.2	214.0
7.4	227.0
7.6	236.0
7.8	224.0
8.0	223.0
8.2	261.0
8.4	233.0
8.6	248.0
8.8	250.0
9.0	268.0
9.2	287.0
9.4	281.0
9.6	289.0
9.8	295.0
10.0	271.0
10.2	304.0
10.4	305.0
10.6	332.0
10.8	334.0
11.0	323.0
11.2	338.0
11.4	377.0
11.6	446.0
11.8	540.0
12.0	648.0
12.2	827.0
12.4	946.0
12.6	1045.0
12.8	1108.0
13.0	1104.0
13.2	1022.0
13.4	926.0
13.6	752.0
13.8	641.0
14.0	522.0
14.2	438.0
14.4	418.0
14.6	356.0
14.8	363.0
15.0	354.0
15.2	321.0
15.4	294.0
15.6	338.0
15.8	357.0
16.0	308.0
16.2	309.0
16.4	320.0
16.6	285.0
16.8	279.0
17.0	268.0
17.2	258.0
17.4	256.0
17.6	271.0
17.8	265.0
18.0	239.0
18.2	273.0
18.4	261.0
18.6	211.0
18.8	227.0
19.0	223.0
19.2	197.0
19.4	212.0
19.6	206.0
19.8	192.0
20.0	197.0
